# Wavelength(micron)   Transit_Depth(rp^2/r*^2)
  0.610000   0.005265
  0.618798   0.005263
  0.627595   0.005323
  0.636393   0.005335
  0.645190   0.005331
  0.653988   0.005321
  0.662786   0.005306
  0.671583   0.005270
  0.680381   0.005284
  0.689178   0.005319
  0.697976   0.005335
  0.706774   0.005355
  0.715571   0.005354
  0.724369   0.005382
  0.733166   0.005360
  0.741964   0.005322
  0.750762   0.005303
  0.759559   0.005300
  0.768357   0.005278
  0.777154   0.005283
  0.785952   0.005327
  0.794749   0.005339
  0.803547   0.005340
  0.812345   0.005378
  0.821142   0.005404
  0.829940   0.005356
  0.838737   0.005381
  0.847535   0.005381
  0.856333   0.005399
  0.865130   0.005377
  0.873928   0.005388
  0.882725   0.005387
  0.891523   0.005464
  0.900321   0.005451
  0.909118   0.005421
  0.917916   0.005381
  0.926713   0.005356
  0.935511   0.005398
  0.944309   0.005414
  0.953106   0.005406
  0.961904   0.005380
  0.970701   0.005407
  0.979499   0.005393
  0.988297   0.005457
  0.997094   0.005402
  1.005892   0.005426
  1.014689   0.005430
  1.023487   0.005416
  1.032285   0.005415
  1.041082   0.005364
  1.049880   0.005362
  1.058677   0.005360
  1.067475   0.005349
  1.076273   0.005348
  1.085070   0.005343
  1.093868   0.005362
  1.102665   0.005384
  1.111463   0.005409
  1.120261   0.005473
  1.129058   0.005448
  1.137856   0.005460
  1.146653   0.005466
  1.155451   0.005484
  1.164248   0.005459
  1.173046   0.005483
  1.181844   0.005441
  1.190641   0.005455
  1.199439   0.005438
  1.208236   0.005412
  1.217034   0.005388
  1.225832   0.005401
  1.234629   0.005358
  1.243427   0.005348
  1.252224   0.005343
  1.261022   0.005341
  1.269820   0.005342
  1.278617   0.005344
  1.287415   0.005382
  1.296212   0.005374
  1.305010   0.005369
  1.313808   0.005406
  1.322605   0.005388
  1.331403   0.005427
  1.340200   0.005433
  1.348998   0.005421
  1.357796   0.005526
  1.366593   0.005433
  1.375391   0.005460
  1.384188   0.005469
  1.392986   0.005473
  1.401784   0.005496
  1.410581   0.005457
  1.419379   0.005508
  1.428176   0.005455
  1.436974   0.005432
  1.445772   0.005442
  1.454569   0.005458
  1.463367   0.005396
  1.472164   0.005395
  1.480962   0.005504
  1.489760   0.005398
  1.498557   0.005365
  1.507355   0.005394
  1.516152   0.005365
  1.524950   0.005393
  1.533747   0.005402
  1.542545   0.005403
  1.551343   0.005388
  1.560140   0.005369
  1.568938   0.005362
  1.577735   0.005375
  1.586533   0.005365
  1.595331   0.005365
  1.604128   0.005374
  1.612926   0.005382
  1.621723   0.005408
  1.630521   0.005410
  1.639319   0.005418
  1.648116   0.005403
  1.656914   0.005436
  1.665711   0.005404
  1.674509   0.005446
  1.683307   0.005462
  1.692104   0.005407
  1.700902   0.005473
  1.709699   0.005483
  1.718497   0.005461
  1.727295   0.005511
  1.736092   0.005466
  1.744890   0.005414
  1.753687   0.005494
  1.762485   0.005497
  1.771283   0.005473
  1.780080   0.005457
  1.788878   0.005424
  1.797675   0.005448
  1.806473   0.005428
  1.815271   0.005418
  1.824068   0.005474
  1.832866   0.005464
  1.841663   0.005408
  1.850461   0.005462
  1.859259   0.005449
  1.868056   0.005405
  1.876854   0.005441
  1.885651   0.005467
  1.894449   0.005384
  1.903246   0.005406
  1.912044   0.005440
  1.920842   0.005527
  1.929639   0.005398
  1.938437   0.005409
  1.947234   0.005395
  1.956032   0.005412
  1.964830   0.005467
  1.973627   0.005385
  1.982425   0.005399
  1.991222   0.005375
  2.000020   0.005397
  2.008818   0.005398
  2.017615   0.005469
  2.026413   0.005399
  2.035210   0.005379
  2.044008   0.005382
  2.052806   0.005385
  2.061603   0.005380
  2.070401   0.005407
  2.079198   0.005377
  2.087996   0.005385
  2.096794   0.005382
  2.105591   0.005419
  2.114389   0.005377
  2.123186   0.005396
  2.131984   0.005451
  2.140782   0.005401
  2.149579   0.005384
  2.158377   0.005437
  2.167174   0.005405
  2.175972   0.005381
  2.184770   0.005387
  2.193567   0.005443
  2.202365   0.005462
  2.211162   0.005397
  2.219960   0.005434
  2.228758   0.005395
  2.237555   0.005423
  2.246353   0.005434
  2.255150   0.005458
  2.263948   0.005433
  2.272745   0.005470
  2.281543   0.005463
  2.290341   0.005497
  2.299138   0.005526
  2.307936   0.005454
  2.316733   0.005496
  2.325531   0.005446
  2.334329   0.005468
  2.343126   0.005494
  2.351924   0.005525
  2.360721   0.005512
  2.369519   0.005423
  2.378317   0.005432
  2.387114   0.005412
  2.395912   0.005475
  2.404709   0.005439
  2.413507   0.005432
  2.422305   0.005417
  2.431102   0.005518
  2.439900   0.005506
  2.448697   0.005438
  2.457495   0.005489
  2.466293   0.005463
  2.475090   0.005396
  2.483888   0.005384
  2.492685   0.005428
  2.501483   0.005420
  2.510281   0.005396
  2.519078   0.005391
  2.527876   0.005411
  2.536673   0.005402
  2.545471   0.005386
  2.554269   0.005451
  2.563066   0.005471
  2.571864   0.005444
  2.580661   0.005458
  2.589459   0.005428
  2.598257   0.005416
  2.607054   0.005403
  2.615852   0.005461
  2.624649   0.005460
  2.633447   0.005490
  2.642244   0.005413
  2.651042   0.005415
  2.659840   0.005464
  2.668637   0.005451
  2.677435   0.005467
  2.686232   0.005461
  2.695030   0.005444
  2.703828   0.005469
  2.712625   0.005440
  2.721423   0.005471
  2.730220   0.005499
  2.739018   0.005479
  2.747816   0.005435
  2.756613   0.005458
  2.765411   0.005469
  2.774208   0.005474
  2.783006   0.005466
  2.791804   0.005483
  2.800601   0.005481
  2.809399   0.005444
  2.818196   0.005517
  2.826994   0.005470
  2.835792   0.005421
  2.844589   0.005408
  2.853387   0.005415
  2.862184   0.005447
  2.870982   0.005420
  2.879780   0.005389
  2.888577   0.005404
  2.897375   0.005407
  2.906172   0.005441
  2.914970   0.005394
  2.923768   0.005378
  2.932565   0.005383
  2.941363   0.005401
  2.950160   0.005379
  2.958958   0.005380
  2.967756   0.005418
  2.976553   0.005420
  2.985351   0.005426
  2.994148   0.005420
  3.002946   0.005423
  3.011743   0.005394
  3.020541   0.005372
  3.029339   0.005378
  3.038136   0.005390
  3.046934   0.005433
  3.055731   0.005477
  3.064529   0.005404
  3.073327   0.005393
  3.082124   0.005400
  3.090922   0.005424
  3.099719   0.005385
  3.108517   0.005458
  3.117315   0.005381
  3.126112   0.005403
  3.134910   0.005373
  3.143707   0.005406
  3.152505   0.005488
  3.161303   0.005504
  3.170100   0.005477
  3.178898   0.005422
  3.187695   0.005511
  3.196493   0.005430
  3.205291   0.005415
  3.214088   0.005405
  3.222886   0.005406
  3.231683   0.005422
  3.240481   0.005465
  3.249279   0.005476
  3.258076   0.005443
  3.266874   0.005439
  3.275671   0.005431
  3.284469   0.005402
  3.293267   0.005398
  3.302064   0.005398
  3.310862   0.005450
  3.319659   0.005508
  3.328457   0.005519
  3.337255   0.005433
  3.346052   0.005444
  3.354850   0.005429
  3.363647   0.005420
  3.372445   0.005418
  3.381242   0.005401
  3.390040   0.005419
  3.398838   0.005439
  3.407635   0.005436
  3.416433   0.005426
  3.425230   0.005460
  3.434028   0.005462
  3.442826   0.005447
  3.451623   0.005439
  3.460421   0.005455
  3.469218   0.005501
  3.478016   0.005518
  3.486814   0.005430
  3.495611   0.005401
  3.504409   0.005404
  3.513206   0.005443
  3.522004   0.005401
  3.530802   0.005395
  3.539599   0.005396
  3.548397   0.005395
  3.557194   0.005390
  3.565992   0.005386
  3.574790   0.005392
  3.583587   0.005408
  3.592385   0.005428
  3.601182   0.005466
  3.609980   0.005492
  3.618778   0.005462
  3.627575   0.005455
  3.636373   0.005415
  3.645170   0.005417
  3.653968   0.005512
  3.662766   0.005472
  3.671563   0.005444
  3.680361   0.005409
  3.689158   0.005397
  3.697956   0.005394
  3.706754   0.005392
  3.715551   0.005408
  3.724349   0.005448
  3.733146   0.005408
  3.741944   0.005454
  3.750741   0.005527
  3.759539   0.005454
  3.768337   0.005446
  3.777134   0.005514
  3.785932   0.005438
  3.794729   0.005378
  3.803527   0.005373
  3.812325   0.005372
  3.821122   0.005373
  3.829920   0.005375
  3.838717   0.005402
  3.847515   0.005403
  3.856313   0.005407
  3.865110   0.005404
  3.873908   0.005397
  3.882705   0.005388
  3.891503   0.005387
  3.900301   0.005387
  3.909098   0.005387
  3.917896   0.005402
  3.926693   0.005418
  3.935491   0.005415
  3.944289   0.005408
  3.953086   0.005382
  3.961884   0.005374
  3.970681   0.005375
  3.979479   0.005375
  3.988277   0.005382
  3.997074   0.005395
  4.005872   0.005413
  4.014669   0.005418
  4.023467   0.005406
  4.032265   0.005384
  4.041062   0.005377
  4.049860   0.005377
  4.058657   0.005379
  4.067455   0.005381
  4.076253   0.005375
  4.085050   0.005372
  4.093848   0.005373
  4.102645   0.005387
  4.111443   0.005372
  4.120240   0.005371
  4.129038   0.005371
  4.137836   0.005371
  4.146633   0.005372
  4.155431   0.005375
  4.164228   0.005389
  4.173026   0.005426
  4.181824   0.005399
  4.190621   0.005455
  4.199419   0.005455
  4.208216   0.005456
  4.217014   0.005476
  4.225812   0.005493
  4.234609   0.005507
  4.243407   0.005524
  4.252204   0.005527
  4.261002   0.005527
  4.269800   0.005527
  4.278597   0.005527
  4.287395   0.005512
  4.296192   0.005481
  4.304990   0.005463
  4.313788   0.005449
  4.322585   0.005444
  4.331383   0.005443
  4.340180   0.005444
  4.348978   0.005449
  4.357776   0.005447
  4.366573   0.005435
  4.375371   0.005424
  4.384168   0.005422
  4.392966   0.005420
  4.401764   0.005423
  4.410561   0.005427
  4.419359   0.005415
  4.428156   0.005403
  4.436954   0.005397
  4.445752   0.005395
  4.454549   0.005391
  4.463347   0.005387
  4.472144   0.005386
  4.480942   0.005378
  4.489739   0.005379
  4.498537   0.005383
  4.507335   0.005393
  4.516132   0.005397
  4.524930   0.005398
  4.533727   0.005449
  4.542525   0.005451
  4.551323   0.005454
  4.560120   0.005458
  4.568918   0.005462
  4.577715   0.005463
  4.586513   0.005461
  4.595311   0.005455
  4.604108   0.005410
  4.612906   0.005381
  4.621703   0.005389
  4.630501   0.005425
  4.639299   0.005452
  4.648096   0.005443
  4.656894   0.005433
  4.665691   0.005419
  4.674489   0.005405
  4.683287   0.005397
  4.692084   0.005393
  4.700882   0.005390
  4.709679   0.005393
  4.718477   0.005399
  4.727275   0.005407
  4.736072   0.005415
  4.744870   0.005427
  4.753667   0.005415
  4.762465   0.005406
  4.771263   0.005404
  4.780060   0.005405
  4.788858   0.005438
  4.797655   0.005431
  4.806453   0.005402
  4.815251   0.005394
  4.824048   0.005391
  4.832846   0.005391
  4.841643   0.005397
  4.850441   0.005424
  4.859238   0.005498
  4.868036   0.005411
  4.876834   0.005410
  4.885631   0.005439
  4.894429   0.005412
  4.903226   0.005398
  4.912024   0.005395
  4.920822   0.005388
  4.929619   0.005406
  4.938417   0.005420
  4.947214   0.005421
  4.956012   0.005435
  4.964810   0.005408
  4.973607   0.005377
  4.982405   0.005374
  4.991202   0.005374
  5.000000   0.005376
