# Wavelength(micron)   Transit_Depth(rp^2/r*^2)
  0.610000   0.001531
  0.618798   0.001502
  0.627595   0.001568
  0.636393   0.001578
  0.645190   0.001637
  0.653988   0.001568
  0.662786   0.001560
  0.671583   0.001534
  0.680381   0.001535
  0.689178   0.001579
  0.697976   0.001579
  0.706774   0.001608
  0.715571   0.001611
  0.724369   0.001635
  0.733166   0.001635
  0.741964   0.001593
  0.750762   0.001554
  0.759559   0.001555
  0.768357   0.001517
  0.777154   0.001529
  0.785952   0.001596
  0.794749   0.001600
  0.803547   0.001610
  0.812345   0.001691
  0.821142   0.001711
  0.829940   0.001619
  0.838737   0.001662
  0.847535   0.001661
  0.856333   0.001673
  0.865130   0.001663
  0.873928   0.001678
  0.882725   0.001681
  0.891523   0.001782
  0.900321   0.001777
  0.909118   0.001724
  0.917916   0.001671
  0.926713   0.001642
  0.935511   0.001666
  0.944309   0.001709
  0.953106   0.001746
  0.961904   0.001675
  0.970701   0.001692
  0.979499   0.001699
  0.988297   0.001743
  0.997094   0.001709
  1.005892   0.001730
  1.014689   0.001726
  1.023487   0.001706
  1.032285   0.001713
  1.041082   0.001666
  1.049880   0.001652
  1.058677   0.001649
  1.067475   0.001623
  1.076273   0.001614
  1.085070   0.001624
  1.093868   0.001653
  1.102665   0.001675
  1.111463   0.001710
  1.120261   0.001801
  1.129058   0.001752
  1.137856   0.001763
  1.146653   0.001769
  1.155451   0.001836
  1.164248   0.001759
  1.173046   0.001815
  1.181844   0.001751
  1.190641   0.001773
  1.199439   0.001748
  1.208236   0.001711
  1.217034   0.001701
  1.225832   0.001684
  1.234629   0.001647
  1.243427   0.001623
  1.252224   0.001612
  1.261022   0.001602
  1.269820   0.001608
  1.278617   0.001623
  1.287415   0.001665
  1.296212   0.001682
  1.305010   0.001683
  1.313808   0.001709
  1.322605   0.001698
  1.331403   0.001756
  1.340200   0.001779
  1.348998   0.001763
  1.357796   0.001851
  1.366593   0.001747
  1.375391   0.001790
  1.384188   0.001795
  1.392986   0.001794
  1.401784   0.001817
  1.410581   0.001785
  1.419379   0.001845
  1.428176   0.001762
  1.436974   0.001765
  1.445772   0.001777
  1.454569   0.001799
  1.463367   0.001714
  1.472164   0.001721
  1.480962   0.001850
  1.489760   0.001770
  1.498557   0.001658
  1.507355   0.001799
  1.516152   0.001654
  1.524950   0.001680
  1.533747   0.001673
  1.542545   0.001738
  1.551343   0.001676
  1.560140   0.001656
  1.568938   0.001645
  1.577735   0.001659
  1.586533   0.001659
  1.595331   0.001644
  1.604128   0.001711
  1.612926   0.001717
  1.621723   0.001775
  1.630521   0.001765
  1.639319   0.001767
  1.648116   0.001750
  1.656914   0.001764
  1.665711   0.001769
  1.674509   0.001807
  1.683307   0.001803
  1.692104   0.001768
  1.700902   0.001802
  1.709699   0.001800
  1.718497   0.001789
  1.727295   0.001830
  1.736092   0.001820
  1.744890   0.001773
  1.753687   0.001836
  1.762485   0.001831
  1.771283   0.001792
  1.780080   0.001775
  1.788878   0.001776
  1.797675   0.001795
  1.806473   0.001755
  1.815271   0.001750
  1.824068   0.001797
  1.832866   0.001791
  1.841663   0.001721
  1.850461   0.001802
  1.859259   0.001757
  1.868056   0.001717
  1.876854   0.001735
  1.885651   0.001726
  1.894449   0.001737
  1.903246   0.001681
  1.912044   0.001754
  1.920842   0.001851
  1.929639   0.001695
  1.938437   0.001700
  1.947234   0.001719
  1.956032   0.001723
  1.964830   0.001757
  1.973627   0.001699
  1.982425   0.001702
  1.991222   0.001664
  2.000020   0.001719
  2.008818   0.001738
  2.017615   0.001834
  2.026413   0.001738
  2.035210   0.001708
  2.044008   0.001691
  2.052806   0.001700
  2.061603   0.001663
  2.070401   0.001720
  2.079198   0.001669
  2.087996   0.001722
  2.096794   0.001704
  2.105591   0.001728
  2.114389   0.001711
  2.123186   0.001717
  2.131984   0.001796
  2.140782   0.001693
  2.149579   0.001692
  2.158377   0.001781
  2.167174   0.001743
  2.175972   0.001710
  2.184770   0.001717
  2.193567   0.001796
  2.202365   0.001818
  2.211162   0.001762
  2.219960   0.001796
  2.228758   0.001779
  2.237555   0.001750
  2.246353   0.001757
  2.255150   0.001826
  2.263948   0.001778
  2.272745   0.001827
  2.281543   0.001830
  2.290341   0.001844
  2.299138   0.001851
  2.307936   0.001812
  2.316733   0.001849
  2.325531   0.001824
  2.334329   0.001841
  2.343126   0.001837
  2.351924   0.001851
  2.360721   0.001847
  2.369519   0.001818
  2.378317   0.001810
  2.387114   0.001783
  2.395912   0.001826
  2.404709   0.001812
  2.413507   0.001817
  2.422305   0.001775
  2.431102   0.001849
  2.439900   0.001827
  2.448697   0.001813
  2.457495   0.001849
  2.466293   0.001821
  2.475090   0.001767
  2.483888   0.001747
  2.492685   0.001808
  2.501483   0.001752
  2.510281   0.001730
  2.519078   0.001719
  2.527876   0.001729
  2.536673   0.001743
  2.545471   0.001698
  2.554269   0.001777
  2.563066   0.001848
  2.571864   0.001763
  2.580661   0.001776
  2.589459   0.001730
  2.598257   0.001812
  2.607054   0.001695
  2.615852   0.001761
  2.624649   0.001798
  2.633447   0.001825
  2.642244   0.001766
  2.651042   0.001750
  2.659840   0.001776
  2.668637   0.001749
  2.677435   0.001848
  2.686232   0.001801
  2.695030   0.001755
  2.703828   0.001820
  2.712625   0.001732
  2.721423   0.001763
  2.730220   0.001810
  2.739018   0.001779
  2.747816   0.001730
  2.756613   0.001775
  2.765411   0.001728
  2.774208   0.001772
  2.783006   0.001819
  2.791804   0.001825
  2.800601   0.001827
  2.809399   0.001827
  2.818196   0.001851
  2.826994   0.001840
  2.835792   0.001736
  2.844589   0.001695
  2.853387   0.001706
  2.862184   0.001739
  2.870982   0.001735
  2.879780   0.001716
  2.888577   0.001767
  2.897375   0.001720
  2.906172   0.001742
  2.914970   0.001747
  2.923768   0.001719
  2.932565   0.001762
  2.941363   0.001735
  2.950160   0.001707
  2.958958   0.001684
  2.967756   0.001707
  2.976553   0.001712
  2.985351   0.001727
  2.994148   0.001713
  3.002946   0.001749
  3.011743   0.001726
  3.020541   0.001680
  3.029339   0.001702
  3.038136   0.001743
  3.046934   0.001752
  3.055731   0.001802
  3.064529   0.001715
  3.073327   0.001746
  3.082124   0.001738
  3.090922   0.001732
  3.099719   0.001721
  3.108517   0.001762
  3.117315   0.001797
  3.126112   0.001782
  3.134910   0.001741
  3.143707   0.001790
  3.152505   0.001845
  3.161303   0.001850
  3.170100   0.001837
  3.178898   0.001772
  3.187695   0.001849
  3.196493   0.001809
  3.205291   0.001826
  3.214088   0.001826
  3.222886   0.001796
  3.231683   0.001785
  3.240481   0.001831
  3.249279   0.001796
  3.258076   0.001792
  3.266874   0.001826
  3.275671   0.001838
  3.284469   0.001817
  3.293267   0.001783
  3.302064   0.001802
  3.310862   0.001798
  3.319659   0.001841
  3.328457   0.001851
  3.337255   0.001849
  3.346052   0.001844
  3.354850   0.001830
  3.363647   0.001824
  3.372445   0.001827
  3.381242   0.001788
  3.390040   0.001792
  3.398838   0.001819
  3.407635   0.001837
  3.416433   0.001820
  3.425230   0.001802
  3.434028   0.001802
  3.442826   0.001806
  3.451623   0.001799
  3.460421   0.001833
  3.469218   0.001850
  3.478016   0.001851
  3.486814   0.001808
  3.495611   0.001789
  3.504409   0.001803
  3.513206   0.001833
  3.522004   0.001796
  3.530802   0.001780
  3.539599   0.001782
  3.548397   0.001783
  3.557194   0.001782
  3.565992   0.001773
  3.574790   0.001747
  3.583587   0.001797
  3.592385   0.001818
  3.601182   0.001801
  3.609980   0.001820
  3.618778   0.001809
  3.627575   0.001779
  3.636373   0.001792
  3.645170   0.001823
  3.653968   0.001849
  3.662766   0.001831
  3.671563   0.001807
  3.680361   0.001795
  3.689158   0.001742
  3.697956   0.001730
  3.706754   0.001789
  3.715551   0.001797
  3.724349   0.001795
  3.733146   0.001791
  3.741944   0.001830
  3.750741   0.001850
  3.759539   0.001811
  3.768337   0.001805
  3.777134   0.001849
  3.785932   0.001811
  3.794729   0.001729
  3.803527   0.001706
  3.812325   0.001690
  3.821122   0.001681
  3.829920   0.001720
  3.838717   0.001739
  3.847515   0.001691
  3.856313   0.001709
  3.865110   0.001785
  3.873908   0.001770
  3.882705   0.001739
  3.891503   0.001709
  3.900301   0.001706
  3.909098   0.001733
  3.917896   0.001729
  3.926693   0.001717
  3.935491   0.001709
  3.944289   0.001706
  3.953086   0.001717
  3.961884   0.001721
  3.970681   0.001712
  3.979479   0.001726
  3.988277   0.001754
  3.997074   0.001770
  4.005872   0.001788
  4.014669   0.001797
  4.023467   0.001774
  4.032265   0.001717
  4.041062   0.001694
  4.049860   0.001702
  4.058657   0.001705
  4.067455   0.001702
  4.076253   0.001694
  4.085050   0.001681
  4.093848   0.001705
  4.102645   0.001745
  4.111443   0.001701
  4.120240   0.001657
  4.129038   0.001650
  4.137836   0.001649
  4.146633   0.001658
  4.155431   0.001667
  4.164228   0.001732
  4.173026   0.001796
  4.181824   0.001739
  4.190621   0.001789
  4.199419   0.001773
  4.208216   0.001767
  4.217014   0.001780
  4.225812   0.001798
  4.234609   0.001783
  4.243407   0.001844
  4.252204   0.001849
  4.261002   0.001851
  4.269800   0.001851
  4.278597   0.001851
  4.287395   0.001848
  4.296192   0.001787
  4.304990   0.001769
  4.313788   0.001772
  4.322585   0.001789
  4.331383   0.001831
  4.340180   0.001830
  4.348978   0.001795
  4.357776   0.001778
  4.366573   0.001773
  4.375371   0.001766
  4.384168   0.001757
  4.392966   0.001748
  4.401764   0.001752
  4.410561   0.001756
  4.419359   0.001770
  4.428156   0.001793
  4.436954   0.001794
  4.445752   0.001775
  4.454549   0.001781
  4.463347   0.001826
  4.472144   0.001846
  4.480942   0.001839
  4.489739   0.001828
  4.498537   0.001825
  4.507335   0.001824
  4.516132   0.001826
  4.524930   0.001830
  4.533727   0.001817
  4.542525   0.001753
  4.551323   0.001747
  4.560120   0.001750
  4.568918   0.001756
  4.577715   0.001755
  4.586513   0.001759
  4.595311   0.001780
  4.604108   0.001716
  4.612906   0.001680
  4.621703   0.001702
  4.630501   0.001765
  4.639299   0.001812
  4.648096   0.001746
  4.656894   0.001705
  4.665691   0.001686
  4.674489   0.001677
  4.683287   0.001682
  4.692084   0.001683
  4.700882   0.001695
  4.709679   0.001690
  4.718477   0.001685
  4.727275   0.001691
  4.736072   0.001725
  4.744870   0.001785
  4.753667   0.001750
  4.762465   0.001706
  4.771263   0.001681
  4.780060   0.001678
  4.788858   0.001723
  4.797655   0.001727
  4.806453   0.001695
  4.815251   0.001692
  4.824048   0.001687
  4.832846   0.001697
  4.841643   0.001700
  4.850441   0.001687
  4.859238   0.001680
  4.868036   0.001693
  4.876834   0.001726
  4.885631   0.001760
  4.894429   0.001719
  4.903226   0.001721
  4.912024   0.001776
  4.920822   0.001710
  4.929619   0.001690
  4.938417   0.001703
  4.947214   0.001710
  4.956012   0.001739
  4.964810   0.001718
  4.973607   0.001672
  4.982405   0.001660
  4.991202   0.001658
  5.000000   0.001662
