6.099999999999999867e-01 1.500725228212938453e-02
6.320603015075376696e-01 1.499005120344854523e-02
6.541206030150753525e-01 1.499050364182017911e-02
6.761809045226130355e-01 1.501971084567788571e-02
6.982412060301507184e-01 1.501059388049536848e-02
7.203015075376884013e-01 1.503486860973351699e-02
7.423618090452260843e-01 1.502057138835540158e-02
7.644221105527637672e-01 1.506313105497727491e-02
7.864824120603014501e-01 1.500361130309524685e-02
8.085427135678391330e-01 1.501775484593567168e-02
8.306030150753768160e-01 1.504418233676354036e-02
8.526633165829144989e-01 1.504822803126430741e-02
8.747236180904522929e-01 1.503931666841987896e-02
8.967839195979898648e-01 1.505442427480297926e-02
9.188442211055276587e-01 1.505742497991448790e-02
9.409045226130652306e-01 1.506019833810377795e-02
9.629648241206030246e-01 1.504753788094184697e-02
9.850251256281405965e-01 1.507033969861625196e-02
1.007085427135678390e+00 1.507058786962187265e-02
1.029145728643215962e+00 1.507138394358549342e-02
1.051206030150753756e+00 1.506479910425207597e-02
1.073266331658291328e+00 1.505629807298046116e-02
1.095326633165829122e+00 1.507140462200261787e-02
1.117386934673366916e+00 1.507027227086528594e-02
1.139447236180904488e+00 1.507141187671228073e-02
1.161507537688442060e+00 1.506045714602205314e-02
1.183567839195979854e+00 1.507141191244895650e-02
1.205628140703517648e+00 1.506706858615343252e-02
1.227688442211055220e+00 1.506679906608407449e-02
1.249748743718592792e+00 1.507100511994963546e-02
1.271809045226130586e+00 1.507139939105158442e-02
1.293869346733668380e+00 1.507141191622530033e-02
1.315929648241205951e+00 1.506729128700179561e-02
1.337989949748743523e+00 1.507141191622598034e-02
1.360050251256281317e+00 1.507141191622598034e-02
1.382110552763819111e+00 1.507141111394858131e-02
1.404170854271356683e+00 1.507134034287112637e-02
1.426231155778894255e+00 1.507141191622598034e-02
1.448291457286432049e+00 1.507141191622598034e-02
1.470351758793969843e+00 1.507129670178230726e-02
1.492412060301507415e+00 1.507141191622598034e-02
1.514472361809044987e+00 1.507141191622598034e-02
1.536532663316582781e+00 1.507141190188825489e-02
1.558592964824120575e+00 1.507141191622598034e-02
1.580653266331658147e+00 1.507141191622598034e-02
1.602713567839195719e+00 1.507123589322756363e-02
1.624773869346733512e+00 1.506415386142159925e-02
1.646834170854271306e+00 1.506976566968243510e-02
1.668894472361809100e+00 1.507003498893506530e-02
1.690954773869346450e+00 1.506632986671720825e-02
1.713015075376884244e+00 1.506825403057667975e-02
1.735075376884422038e+00 1.507141191622598034e-02
1.757135678391959832e+00 1.507141191622598034e-02
1.779195979899497182e+00 1.507141191622598034e-02
1.801256281407034976e+00 1.507141191622598034e-02
1.823316582914572770e+00 1.507141191622598034e-02
1.845376884422110564e+00 1.507121933633705224e-02
1.867437185929647914e+00 1.507141191622598034e-02
1.889497487437185708e+00 1.507141191622598034e-02
1.911557788944723502e+00 1.507141191622598034e-02
1.933618090452261296e+00 1.507141191622598034e-02
1.955678391959798645e+00 1.507138646445491982e-02
1.977738693467336439e+00 1.507141191622598034e-02
1.999798994974874233e+00 1.507141191619948070e-02
2.021859296482412027e+00 1.507141191622598034e-02
2.043919597989949821e+00 1.507141191622598034e-02
2.065979899497487171e+00 1.507141191622598034e-02
2.088040201005024965e+00 1.507141191622598034e-02
2.110100502512562759e+00 1.507141191582131445e-02
2.132160804020100553e+00 1.507082319072942933e-02
2.154221105527637903e+00 1.507141191612975176e-02
2.176281407035175697e+00 1.507141191622598034e-02
2.198341708542713491e+00 1.507141191622598034e-02
2.220402010050251285e+00 1.507141191622598034e-02
2.242462311557788635e+00 1.507141191622598034e-02
2.264522613065326428e+00 1.507141191621080324e-02
2.286582914572864222e+00 1.507141191622598034e-02
2.308643216080402016e+00 1.507141191622598034e-02
2.330703517587939366e+00 1.507141191622598034e-02
2.352763819095477160e+00 1.507141191622598034e-02
2.374824120603014954e+00 1.507111421763462564e-02
2.396884422110552748e+00 1.507141191622598034e-02
2.418944723618090098e+00 1.507141191622598034e-02
2.441005025125627892e+00 1.507130405189900657e-02
2.463065326633165686e+00 1.507141191622598034e-02
2.485125628140703480e+00 1.507141191622583636e-02
2.507185929648240830e+00 1.507141191622598034e-02
2.529246231155778624e+00 1.507140117799904422e-02
2.551306532663316418e+00 1.507141191622598034e-02
2.573366834170854212e+00 1.507140609241763504e-02
2.595427135678391561e+00 1.507141191622598034e-02
2.617487437185929355e+00 1.507141191622598034e-02
2.639547738693467149e+00 1.507141191621690947e-02
2.661608040201004499e+00 1.507141191622598034e-02
2.683668341708542293e+00 1.507141191622598034e-02
2.705728643216080087e+00 1.507141191622598034e-02
2.727788944723617881e+00 1.507141191622598034e-02
2.749849246231155675e+00 1.507141191622598034e-02
2.771909547738693025e+00 1.507141191622598034e-02
2.793969849246230819e+00 1.507141188433509804e-02
2.816030150753768613e+00 1.507141191356873092e-02
2.838090452261306407e+00 1.507141191622598034e-02
2.860150753768843757e+00 1.507141191622598034e-02
2.882211055276381551e+00 1.507141191622598034e-02
2.904271356783919344e+00 1.507141191622598034e-02
2.926331658291457138e+00 1.507141191622598034e-02
2.948391959798994488e+00 1.507141191622598034e-02
2.970452261306532282e+00 1.507141191622598034e-02
2.992512562814070076e+00 1.507141191622598034e-02
3.014572864321607870e+00 1.507141191622598034e-02
3.036633165829145220e+00 1.507141191622598034e-02
3.058693467336683014e+00 1.507141191622598034e-02
3.080753768844220808e+00 1.507141191622598034e-02
3.102814070351758602e+00 1.507141191622598034e-02
3.124874371859295952e+00 1.507141191622598034e-02
3.146934673366833746e+00 1.507141191622598034e-02
3.168994974874371540e+00 1.507141191622598034e-02
3.191055276381909334e+00 1.507141191622598034e-02
3.213115577889446683e+00 1.507141191622598034e-02
3.235175879396984477e+00 1.507141191622598034e-02
3.257236180904522271e+00 1.507141191622598034e-02
3.279296482412060065e+00 1.507141191622598034e-02
3.301356783919597415e+00 1.507141191622598034e-02
3.323417085427135209e+00 1.507141191622598034e-02
3.345477386934673003e+00 1.507141191622598034e-02
3.367537688442210797e+00 1.507141191622598034e-02
3.389597989949748147e+00 1.507141191622598034e-02
3.411658291457285941e+00 1.507141191622598034e-02
3.433718592964823735e+00 1.507141191622598034e-02
3.455778894472361529e+00 1.507141191622598034e-02
3.477839195979899323e+00 1.507141191622598034e-02
3.499899497487436673e+00 1.507141191622598034e-02
3.521959798994974467e+00 1.507141191622598034e-02
3.544020100502512260e+00 1.507141191622598034e-02
3.566080402010050054e+00 1.507141191622598034e-02
3.588140703517587404e+00 1.507141191622598034e-02
3.610201005025125198e+00 1.507141191622598034e-02
3.632261306532662992e+00 1.507141191622598034e-02
3.654321608040200786e+00 1.507141191622598034e-02
3.676381909547738136e+00 1.507141191568522887e-02
3.698442211055275930e+00 1.507141191622598034e-02
3.720502512562813724e+00 1.507141191622598034e-02
3.742562814070351518e+00 1.507109572358167338e-02
3.764623115577888868e+00 1.507141191216948041e-02
3.786683417085426662e+00 1.507140461207396274e-02
3.808743718592964456e+00 1.507141191622598034e-02
3.830804020100502250e+00 1.507141188930726482e-02
3.852864321608039599e+00 1.507141191622598034e-02
3.874924623115577393e+00 1.507109017296754533e-02
3.896984924623115187e+00 1.507141191622598034e-02
3.919045226130652981e+00 1.507141191622598034e-02
3.941105527638190331e+00 1.507141191622598034e-02
3.963165829145728125e+00 1.507141191622598034e-02
3.985226130653265919e+00 1.507141191622598034e-02
4.007286432160803713e+00 1.507065498016985951e-02
4.029346733668341507e+00 1.507141191622598034e-02
4.051407035175879301e+00 1.507141191622598034e-02
4.073467336683417095e+00 1.507141191622598034e-02
4.095527638190954889e+00 1.507141191622598034e-02
4.117587939698491795e+00 1.507141191622598034e-02
4.139648241206029589e+00 1.507141191622598034e-02
4.161708542713567383e+00 1.507141191622598034e-02
4.183768844221105176e+00 1.507141191622598034e-02
4.205829145728642970e+00 1.507141191622598034e-02
4.227889447236180764e+00 1.507141191622598034e-02
4.249949748743718558e+00 1.507141191622598034e-02
4.272010050251256352e+00 1.507141191622598034e-02
4.294070351758794146e+00 1.507141191622598034e-02
4.316130653266331052e+00 1.507141191622598034e-02
4.338190954773868846e+00 1.507141191622598034e-02
4.360251256281406640e+00 1.507141191622598034e-02
4.382311557788944434e+00 1.507141191622598034e-02
4.404371859296482228e+00 1.507141191622598034e-02
4.426432160804020022e+00 1.507141191622598034e-02
4.448492462311557816e+00 1.507141191622598034e-02
4.470552763819095610e+00 1.507141191622598034e-02
4.492613065326632515e+00 1.507141191622598034e-02
4.514673366834170309e+00 1.507141191622598034e-02
4.536733668341708103e+00 1.507141191622598034e-02
4.558793969849245897e+00 1.507141191622598034e-02
4.580854271356783691e+00 1.507141191622598034e-02
4.602914572864321485e+00 1.507141191622598034e-02
4.624974874371859279e+00 1.507141191622598034e-02
4.647035175879397073e+00 1.507141191622598034e-02
4.669095477386934867e+00 1.507141191622598034e-02
4.691155778894472661e+00 1.507141191622598034e-02
4.713216080402009567e+00 1.507141191622598034e-02
4.735276381909547361e+00 1.507141191622598034e-02
4.757336683417085155e+00 1.507141191622598034e-02
4.779396984924622949e+00 1.507141191622598034e-02
4.801457286432160743e+00 1.507141191622598034e-02
4.823517587939698537e+00 1.507141191622598034e-02
4.845577889447236331e+00 1.507141191622598034e-02
4.867638190954774124e+00 1.507141191622598034e-02
4.889698492462311918e+00 1.507141191622598034e-02
4.911758793969848824e+00 1.507140979206469077e-02
4.933819095477386618e+00 1.507141191622598034e-02
4.955879396984924412e+00 1.507141191622598034e-02
4.977939698492462206e+00 1.507141191622598034e-02
5.000000000000000000e+00 1.507141191622598034e-02
