6.100000e-01 1.324433e-02
6.320603e-01 1.328310e-02
6.541206e-01 1.327368e-02
6.761809e-01 1.320113e-02
6.982412e-01 1.330084e-02
7.203015e-01 1.337032e-02
7.423618e-01 1.337952e-02
7.644221e-01 1.323344e-02
7.864824e-01 1.330678e-02
8.085427e-01 1.330955e-02
8.306030e-01 1.342034e-02
8.526633e-01 1.341825e-02
8.747236e-01 1.342107e-02
8.967839e-01 1.348080e-02
9.188442e-01 1.345448e-02
9.409045e-01 1.347557e-02
9.629648e-01 1.352549e-02
9.850251e-01 1.346370e-02
1.007085e+00 1.346791e-02
1.029146e+00 1.343755e-02
1.051206e+00 1.339130e-02
1.073266e+00 1.335042e-02
1.095327e+00 1.345999e-02
1.117387e+00 1.356114e-02
1.139447e+00 1.352785e-02
1.161508e+00 1.360369e-02
1.183568e+00 1.354817e-02
1.205628e+00 1.347601e-02
1.227688e+00 1.340695e-02
1.249749e+00 1.337305e-02
1.271809e+00 1.337432e-02
1.293869e+00 1.340918e-02
1.315930e+00 1.344060e-02
1.337990e+00 1.351699e-02
1.360050e+00 1.356634e-02
1.382111e+00 1.356147e-02
1.404171e+00 1.358584e-02
1.426231e+00 1.354827e-02
1.448291e+00 1.355459e-02
1.470352e+00 1.360726e-02
1.492412e+00 1.345522e-02
1.514472e+00 1.346499e-02
1.536533e+00 1.346357e-02
1.558593e+00 1.338875e-02
1.580653e+00 1.348169e-02
1.602714e+00 1.348848e-02
1.624774e+00 1.360293e-02
1.646834e+00 1.354066e-02
1.668894e+00 1.359207e-02
1.690955e+00 1.357897e-02
1.713015e+00 1.354481e-02
1.735075e+00 1.362143e-02
1.757136e+00 1.360866e-02
1.779196e+00 1.354987e-02
1.801256e+00 1.356512e-02
1.823317e+00 1.362782e-02
1.845377e+00 1.352672e-02
1.867437e+00 1.349295e-02
1.889497e+00 1.357876e-02
1.911558e+00 1.352351e-02
1.933618e+00 1.351364e-02
1.955678e+00 1.349378e-02
1.977739e+00 1.344113e-02
1.999799e+00 1.351048e-02
2.021859e+00 1.350834e-02
2.043920e+00 1.348821e-02
2.065980e+00 1.355340e-02
2.088040e+00 1.353310e-02
2.110101e+00 1.350205e-02
2.132161e+00 1.358432e-02
2.154221e+00 1.352124e-02
2.176281e+00 1.351186e-02
2.198342e+00 1.359287e-02
2.220402e+00 1.359254e-02
2.242462e+00 1.358394e-02
2.264523e+00 1.364138e-02
2.286583e+00 1.366350e-02
2.308643e+00 1.361400e-02
2.330704e+00 1.363176e-02
2.352764e+00 1.367083e-02
2.374824e+00 1.363339e-02
2.396884e+00 1.363155e-02
2.418945e+00 1.363384e-02
2.441005e+00 1.361462e-02
2.463065e+00 1.365729e-02
2.485126e+00 1.358484e-02
2.507186e+00 1.355205e-02
2.529246e+00 1.353609e-02
2.551307e+00 1.354531e-02
2.573367e+00 1.353859e-02
2.595427e+00 1.358952e-02
2.617487e+00 1.355872e-02
2.639548e+00 1.362039e-02
2.661608e+00 1.361788e-02
2.683668e+00 1.365805e-02
2.705729e+00 1.365937e-02
2.727789e+00 1.363120e-02
2.749849e+00 1.352080e-02
2.771910e+00 1.356991e-02
2.793970e+00 1.367762e-02
2.816030e+00 1.367593e-02
2.838090e+00 1.352314e-02
2.860151e+00 1.351103e-02
2.882211e+00 1.357124e-02
2.904271e+00 1.351238e-02
2.926332e+00 1.359916e-02
2.948392e+00 1.352156e-02
2.970452e+00 1.350999e-02
2.992513e+00 1.349508e-02
3.014573e+00 1.350375e-02
3.036633e+00 1.353511e-02
3.058693e+00 1.352611e-02
3.080754e+00 1.358571e-02
3.102814e+00 1.357646e-02
3.124874e+00 1.363499e-02
3.146935e+00 1.364378e-02
3.168995e+00 1.365970e-02
3.191055e+00 1.366467e-02
3.213116e+00 1.366820e-02
3.235176e+00 1.363130e-02
3.257236e+00 1.361790e-02
3.279296e+00 1.366181e-02
3.301357e+00 1.363230e-02
3.323417e+00 1.367946e-02
3.345477e+00 1.367536e-02
3.367538e+00 1.365834e-02
3.389598e+00 1.361770e-02
3.411658e+00 1.366191e-02
3.433719e+00 1.362781e-02
3.455779e+00 1.363953e-02
3.477839e+00 1.367708e-02
3.499899e+00 1.361135e-02
3.521960e+00 1.363081e-02
3.544020e+00 1.361875e-02
3.566080e+00 1.361589e-02
3.588141e+00 1.365354e-02
3.610201e+00 1.362773e-02
3.632261e+00 1.362149e-02
3.654322e+00 1.366643e-02
3.676382e+00 1.361237e-02
3.698442e+00 1.355245e-02
3.720503e+00 1.360044e-02
3.742563e+00 1.364395e-02
3.764623e+00 1.359948e-02
3.786683e+00 1.361233e-02
3.808744e+00 1.350789e-02
3.830804e+00 1.354710e-02
3.852864e+00 1.351002e-02
3.874925e+00 1.356972e-02
3.896985e+00 1.351297e-02
3.919045e+00 1.353693e-02
3.941106e+00 1.349570e-02
3.963166e+00 1.353013e-02
3.985226e+00 1.355857e-02
4.007286e+00 1.360227e-02
4.029347e+00 1.353582e-02
4.051407e+00 1.351030e-02
4.073467e+00 1.350118e-02
4.095528e+00 1.350706e-02
4.117588e+00 1.347201e-02
4.139648e+00 1.342695e-02
4.161709e+00 1.351115e-02
4.183769e+00 1.355985e-02
4.205829e+00 1.356183e-02
4.227889e+00 1.358392e-02
4.249950e+00 1.364894e-02
4.272010e+00 1.367957e-02
4.294070e+00 1.359332e-02
4.316131e+00 1.363438e-02
4.338191e+00 1.366725e-02
4.360251e+00 1.358181e-02
4.382312e+00 1.356933e-02
4.404372e+00 1.356264e-02
4.426432e+00 1.362819e-02
4.448492e+00 1.361735e-02
4.470553e+00 1.367947e-02
4.492613e+00 1.367638e-02
4.514673e+00 1.366297e-02
4.536734e+00 1.363791e-02
4.558794e+00 1.353270e-02
4.580854e+00 1.354128e-02
4.602915e+00 1.352462e-02
4.624975e+00 1.351895e-02
4.647035e+00 1.353845e-02
4.669095e+00 1.345505e-02
4.691156e+00 1.346729e-02
4.713216e+00 1.346201e-02
4.735276e+00 1.349665e-02
4.757337e+00 1.350825e-02
4.779397e+00 1.344886e-02
4.801457e+00 1.350484e-02
4.823518e+00 1.350069e-02
4.845578e+00 1.345968e-02
4.867638e+00 1.348167e-02
4.889698e+00 1.353851e-02
4.911759e+00 1.361468e-02
4.933819e+00 1.346570e-02
4.955879e+00 1.353227e-02
4.977940e+00 1.344690e-02
5.000000e+00 1.344425e-02
